[[[209 194 181]
  [209 194 181]
  [211 194 180]
  ...
  [194 181 178]
  [196 179 176]
  [194 176 173]]

 [[209 195 176]
  [209 195 176]
  [209 195 176]
  ...
  [192 182 178]
  [193 183 177]
  [192 182 176]]

 [[209 196 174]
  [209 196 174]
  [205 196 174]
  ...
  [197 189 183]
  [194 189 180]
  [195 190 181]]

 ...

 [[229 233 233]
  [229 233 233]
  [229 233 233]
  ...
  [ 22 114 169]
  [ 20 117 171]
  [ 20 117 171]]

 [[226 233 233]
  [226 233 233]
  [226 233 233]
  ...
  [ 15 112 167]
  [ 15 112 167]
  [ 10 107 162]]

 [[229 233 233]
  [229 233 233]
  [229 233 233]
  ...
  [ 18 111 162]
  [ 13 110 162]
  [ 13 110 162]]]